4 0.089844 0.656250 0.179688 0.284375
4 0.248438 0.708594 0.181250 0.295312
4 0.435156 0.730469 0.245312 0.245312
4 0.628125 0.780469 0.143750 0.229687
4 0.811719 0.832812 0.151562 0.231250
4 0.857031 0.591406 0.182812 0.182812
4 0.911719 0.314063 0.176563 0.268750
4 0.699219 0.540625 0.189062 0.268750
4 0.745313 0.285938 0.215625 0.293750
4 0.566406 0.233594 0.235937 0.235937
4 0.494531 0.474219 0.214062 0.214062
4 0.320312 0.456250 0.209375 0.209375
4 0.128906 0.411719 0.226562 0.226562
4 0.178906 0.147656 0.257812 0.260937
4 0.368750 0.206250 0.221875 0.290625
