4 0.718750 0.129688 0.243750 0.259375
4 0.560156 0.179688 0.232813 0.300000
4 0.403125 0.282031 0.250000 0.301563
4 0.223438 0.368750 0.209375 0.209375
4 0.071875 0.445312 0.143750 0.237500
4 0.169531 0.660156 0.189062 0.220312
4 0.298438 0.891406 0.256250 0.217188
4 0.322656 0.597656 0.232813 0.279687
4 0.450781 0.822656 0.285938 0.285938
4 0.621875 0.746875 0.234375 0.293750
4 0.521875 0.515625 0.218750 0.262500
4 0.666406 0.417969 0.220312 0.248438
4 0.841406 0.328906 0.242188 0.267188
4 0.914062 0.563281 0.171875 0.292187
4 0.789844 0.639844 0.267188 0.307812
