4 0.128516 0.254688 0.141406 0.259375
4 0.301563 0.240625 0.121875 0.275000
4 0.488281 0.261719 0.145313 0.264062
4 0.687109 0.256250 0.099219 0.212500
4 0.878516 0.246875 0.107031 0.212500
4 0.868359 0.491797 0.117969 0.186719
4 0.867188 0.775000 0.137500 0.243750
4 0.703125 0.506250 0.137500 0.243750
4 0.691016 0.764844 0.160156 0.264062
4 0.503906 0.775781 0.129688 0.264062
4 0.488281 0.523438 0.129688 0.228125
4 0.314453 0.501953 0.141406 0.207031
4 0.117578 0.502734 0.160156 0.217969
4 0.105469 0.771875 0.179688 0.259375
4 0.305859 0.756250 0.167969 0.259375
