4 0.087891 0.108594 0.100781 0.142187
4 0.182422 0.128125 0.089844 0.150000
4 0.274609 0.101562 0.105469 0.112500
4 0.417578 0.178516 0.200781 0.100781
4 0.270313 0.217188 0.084375 0.112500
4 0.137500 0.228906 0.190625 0.104688
4 0.210156 0.326953 0.110937 0.116406
4 0.095312 0.376953 0.084375 0.153906
4 0.129688 0.481250 0.153125 0.168750
4 0.303516 0.423828 0.185156 0.119531
4 0.317969 0.315625 0.095312 0.112500
4 0.426563 0.303906 0.153125 0.179688
4 0.571484 0.300781 0.158594 0.142187
4 0.560547 0.183594 0.127344 0.104688
4 0.691016 0.120313 0.100781 0.150000
4 0.800000 0.083984 0.137500 0.108594
4 0.904297 0.124219 0.105469 0.142187
4 0.794141 0.198828 0.116406 0.119531
4 0.683203 0.300000 0.116406 0.187500
4 0.806641 0.306250 0.132031 0.093750
4 0.899219 0.257031 0.095312 0.123438
4 0.880859 0.369531 0.142969 0.085938
4 0.877734 0.473828 0.158594 0.138281
4 0.765625 0.432812 0.121875 0.131250
4 0.664453 0.458203 0.100781 0.116406
4 0.576172 0.453516 0.105469 0.172656
4 0.465234 0.464453 0.127344 0.135156
4 0.280078 0.537891 0.169531 0.100781
4 0.201172 0.601172 0.127344 0.108594
4 0.092969 0.656250 0.110937 0.150000
4 0.200781 0.692578 0.095312 0.097656
4 0.326562 0.651953 0.121875 0.135156
4 0.455469 0.594922 0.179688 0.127344
4 0.628125 0.618750 0.153125 0.112500
4 0.735156 0.555078 0.179688 0.082031
4 0.885938 0.605469 0.121875 0.123438
4 0.778906 0.650391 0.095312 0.100781
4 0.894922 0.748828 0.127344 0.157031
4 0.796094 0.809375 0.079687 0.112500
4 0.904297 0.888281 0.127344 0.142187
4 0.821094 0.918359 0.095312 0.089844
4 0.692578 0.878516 0.169531 0.138281
4 0.589453 0.886719 0.100781 0.160938
4 0.521875 0.907031 0.068750 0.104688
4 0.476953 0.934766 0.063281 0.063281
4 0.423438 0.898828 0.084375 0.135156
4 0.518359 0.797266 0.127344 0.135156
4 0.645312 0.741797 0.137500 0.127344
4 0.735547 0.712109 0.105469 0.089844
4 0.483984 0.694141 0.196094 0.078906
4 0.410938 0.764062 0.121875 0.112500
4 0.246484 0.772266 0.227344 0.097656
4 0.082031 0.790234 0.110937 0.127344
4 0.087891 0.909766 0.100781 0.119531
4 0.204297 0.892188 0.142969 0.150000
4 0.308984 0.886328 0.142969 0.153906
