4 0.949219 0.589844 0.101562 0.173437
4 0.924219 0.667969 0.151562 0.154688
4 0.767188 0.698438 0.212500 0.212500
4 0.857031 0.575000 0.135937 0.140625
4 0.922656 0.482031 0.154688 0.201563
4 0.835156 0.452344 0.160938 0.160938
4 0.892969 0.341406 0.167187 0.167187
4 0.800000 0.281250 0.225000 0.228125
4 0.700781 0.436719 0.214062 0.214062
4 0.758594 0.528906 0.145313 0.148438
4 0.681250 0.606250 0.234375 0.234375
4 0.570312 0.700781 0.212500 0.210938
4 0.651563 0.784375 0.165625 0.162500
4 0.591406 0.913281 0.176563 0.173437
4 0.528906 0.961719 0.173437 0.076563
4 0.422656 0.980469 0.173437 0.039062
4 0.460938 0.917969 0.165625 0.164062
4 0.483594 0.770312 0.207813 0.218750
4 0.384375 0.845313 0.162500 0.156250
4 0.342969 0.931250 0.151562 0.137500
4 0.285938 0.842969 0.165625 0.157812
4 0.222656 0.758594 0.210938 0.207813
4 0.336719 0.718750 0.176563 0.178125
4 0.398438 0.635938 0.153125 0.153125
4 0.470313 0.584375 0.190625 0.200000
4 0.550000 0.506250 0.184375 0.184375
4 0.647656 0.332813 0.195312 0.184375
4 0.669531 0.233594 0.167187 0.164062
4 0.719531 0.122656 0.182812 0.182812
4 0.611719 0.161719 0.135937 0.135937
4 0.539844 0.273438 0.179688 0.181250
4 0.475000 0.398438 0.218750 0.212500
4 0.326562 0.489063 0.187500 0.187500
4 0.282813 0.605469 0.190625 0.176563
4 0.134375 0.662500 0.171875 0.171875
4 0.189844 0.559375 0.135937 0.137500
4 0.067969 0.554688 0.135937 0.200000
4 0.075781 0.446875 0.132812 0.137500
4 0.026562 0.375781 0.053125 0.129688
4 0.112500 0.327344 0.215625 0.217188
4 0.188281 0.256250 0.179688 0.187500
4 0.228125 0.198437 0.121875 0.121875
4 0.244531 0.147656 0.089063 0.089063
4 0.308594 0.141406 0.154688 0.154688
4 0.298438 0.280469 0.184375 0.185938
4 0.235937 0.403906 0.187500 0.185938
4 0.184375 0.483594 0.137500 0.135937
4 0.390625 0.339062 0.193750 0.193750
4 0.404687 0.238281 0.165625 0.164062
4 0.526563 0.129688 0.228125 0.228125
4 0.641406 0.046875 0.167187 0.093750
4 0.482812 0.056250 0.206250 0.112500
4 0.404687 0.092188 0.209375 0.184375
