4 0.966406 0.771094 0.067187 0.164062
4 0.903906 0.778125 0.126562 0.168750
4 0.821094 0.828125 0.132812 0.134375
4 0.663281 0.789844 0.220312 0.148438
4 0.796094 0.713281 0.120313 0.120313
4 0.914844 0.668750 0.170313 0.181250
4 0.825781 0.592187 0.139063 0.140625
4 0.923438 0.514844 0.121875 0.170313
4 0.863281 0.423438 0.192188 0.203125
4 0.709375 0.523438 0.209375 0.162500
4 0.725000 0.631250 0.128125 0.128125
4 0.622656 0.671094 0.195312 0.214062
4 0.483594 0.711719 0.189062 0.179688
4 0.523438 0.821875 0.150000 0.134375
4 0.413281 0.915625 0.135937 0.168750
4 0.317969 0.951562 0.151562 0.096875
4 0.205469 0.942969 0.139063 0.114062
4 0.295312 0.867188 0.143750 0.143750
4 0.375781 0.741406 0.160938 0.210938
4 0.253906 0.767188 0.151562 0.125000
4 0.178125 0.839063 0.134375 0.134375
4 0.165625 0.726562 0.140625 0.140625
4 0.141406 0.623437 0.189062 0.175000
4 0.261719 0.633594 0.151562 0.157812
4 0.352344 0.583594 0.126562 0.139063
4 0.439063 0.565625 0.146875 0.193750
4 0.542969 0.526563 0.157812 0.162500
4 0.703125 0.407813 0.165625 0.165625
4 0.764062 0.325000 0.150000 0.137500
4 0.853125 0.245312 0.159375 0.159375
4 0.739844 0.235937 0.117188 0.118750
4 0.629687 0.308594 0.153125 0.160938
4 0.518750 0.396875 0.187500 0.187500
4 0.346094 0.419531 0.176563 0.148438
4 0.259375 0.508594 0.159375 0.160938
4 0.100000 0.498437 0.150000 0.150000
4 0.192969 0.428125 0.117188 0.121875
4 0.071094 0.361719 0.142187 0.173437
4 0.133594 0.278906 0.117188 0.117188
4 0.045312 0.229687 0.090625 0.165625
4 0.082812 0.178906 0.112500 0.114062
4 0.215625 0.185156 0.200000 0.176563
4 0.314063 0.150781 0.159375 0.160938
4 0.375000 0.113281 0.093750 0.120313
4 0.410156 0.074219 0.076563 0.076563
4 0.471094 0.095312 0.117188 0.153125
4 0.405469 0.217969 0.157812 0.164062
4 0.296875 0.304688 0.162500 0.162500
4 0.218750 0.357031 0.125000 0.114062
4 0.465625 0.307812 0.168750 0.168750
4 0.518750 0.221875 0.146875 0.140625
4 0.675000 0.171875 0.243750 0.153125
4 0.828125 0.111719 0.146875 0.145313
4 0.792188 0.033594 0.128125 0.067187
4 0.683594 0.067969 0.176563 0.135937
4 0.584375 0.085156 0.178125 0.170313
