4 0.087500 0.744531 0.175000 0.354687
4 0.250781 0.792969 0.232813 0.342187
4 0.418750 0.825000 0.246875 0.350000
4 0.623437 0.849219 0.250000 0.301563
4 0.832812 0.868750 0.240625 0.262500
4 0.873437 0.578906 0.253125 0.304688
4 0.915625 0.242969 0.168750 0.342187
4 0.703125 0.535156 0.246875 0.395313
4 0.755469 0.207813 0.214062 0.343750
4 0.571875 0.160938 0.253125 0.321875
4 0.502344 0.494531 0.329688 0.329688
4 0.311719 0.447656 0.317188 0.317188
4 0.113281 0.400000 0.226562 0.350000
4 0.175000 0.125781 0.243750 0.251563
4 0.370312 0.142969 0.315625 0.285938
