4 0.095312 0.797656 0.190625 0.335938
4 0.288281 0.821094 0.198437 0.326562
4 0.459375 0.832031 0.271875 0.273438
4 0.667188 0.844531 0.215625 0.310937
4 0.862500 0.867188 0.234375 0.265625
4 0.903906 0.532813 0.192188 0.368750
4 0.894531 0.188281 0.210938 0.270313
4 0.704688 0.509375 0.293750 0.293750
4 0.717969 0.178906 0.254688 0.254688
4 0.528906 0.153125 0.220312 0.306250
4 0.500781 0.493750 0.301563 0.300000
4 0.305469 0.471875 0.226562 0.353125
4 0.115625 0.451562 0.231250 0.268750
4 0.125781 0.142969 0.210938 0.285938
4 0.326562 0.146875 0.287500 0.287500
