4 0.103906 0.166016 0.201563 0.319531
4 0.316797 0.162891 0.171094 0.313281
4 0.489063 0.166016 0.184375 0.319531
4 0.697266 0.162891 0.188281 0.313281
4 0.910937 0.166016 0.178125 0.319531
4 0.912109 0.503906 0.174219 0.354687
4 0.895703 0.846094 0.194531 0.307812
4 0.704297 0.508594 0.174219 0.367188
4 0.689063 0.839844 0.150000 0.320312
4 0.499219 0.851562 0.195312 0.296875
4 0.500391 0.507031 0.194531 0.360938
4 0.303516 0.512500 0.197656 0.337500
4 0.093750 0.514453 0.181250 0.319531
4 0.095312 0.841406 0.184375 0.307812
4 0.296094 0.836719 0.204687 0.326562
